dantzig42;41 15 7 3
40 15 6 3
39 15 6 5
38 15 6 4
37 15 6 3
36 15 6 3
35 15 6 4
34 15 6 0
33 15 5 1
32 15 5 2
31 15 5 2
30 15 5 2
29 15 5 4
28 15 5 4
27 15 5 0
26 15 4 3
25 15 4 0
24 15 4 2
23 15 4 3
22 15 4 1
21 15 4 3
20 15 3 1
19 15 3 0
18 15 3 0
17 15 3 0
16 15 3 1
15 15 3 1
14 15 3 0
13 15 2 0
12 15 2 1
11 15 2 1
10 15 2 0
9 15 2 0
8 15 2 1
7 15 2 0
6 15 1 0
5 15 1 0
4 15 1 0
3 15 1 0
2 15 1 0
1 15 1 0
After Construction: 23965.000000
1	40	4	9	25	27	30	34	35	36	33	29	31	28	22	23	24	26	8	10	12	7	3	6	5	39	37	32	38	41	2	11	13	17	18	16	15	14	19	20	21	42	-1
