1 8 11 9 13 7 6 12 4 3 14 2 10 5 

i=1, j=4 
1 13 8 11 9 7 6 12 4 3 14 2 10 5 
[0,0] + [4,4] + [1,3] + [5,14]

i=0, j=4
9 13 1 8 11 7 6 12 4 3 14 2 10 5 
[3,4] + [0,2] + [5,14]
1 8 11 7 6 12 4 3 14 2 10 5 9 13 
[0,2] + [5,13] + [3,4] + [14,14]
[i,i+n-1] + [j+1, s-2] + [i+n,j] + [14,14]

i=13, j=3
1 8 13 7 6 12 4 3 14 2 10 11 9 5
[0,1] + [4,12] + [2,3] + [13,14]
[0,(i+n-1)%14] + [j+1,i-1] + [(i+n)%14,j] + [i, 14]


i=4, j=2
1 8 11 13 7 6 9 12 4 3 14 2 10 5 
[0,2] + [4,6] + [3,3] + [7,14]
[0,j] + [i,i+n-1] + [j+1, i-1] + [i+n,14]

i=1, j=12
1 13 7 6 12 4 3 14 2 10 8 11 9 5 
[0,0] + [4,12] + [1,3] + [13,14]
[0,i-1] + [i+n,j] + [i,i+n-1] + [j+1,14]

i=12, j=2
8 11 10 5 1 9 13 7 6 12 4 3 14 2 
1 9 13 7 6 12 4 3 14 2 8 11 10 5 
[0,0] + [3,11] + [1,2] + [12,14]
[0,?] + [j+1,j] + [i,i+n-1] + [j+1,14]